# Ice Shell Thickness (km)	Total Dissipation (TW)
166.000000 0.787155
162.258065 0.891467
158.516129 0.906759
154.774194 0.913334
151.032258 0.917928
147.290323 0.921515
143.548387 0.924583
139.806452 0.927348
136.064516 0.929924
132.322581 0.932374
128.580645 0.934737
124.838710 0.937039
121.096774 0.939296
117.354839 0.941520
113.612903 0.943720
109.870968 0.945901
106.129032 0.948070
102.387097 0.950228
98.645161 0.952379
94.903226 0.954526
91.161290 0.956671
87.419355 0.958816
83.677419 0.960962
79.935484 0.963110
76.193548 0.965261
72.451613 0.967415
68.709677 0.969573
64.967742 0.971737
61.225806 0.973906
57.483871 0.976083
53.741935 0.978266
50.000000 0.980456
